1 46 1
2 51 0
3 52 1
4 53 0
5 32 1
6 26 0
7 36 1
8 36 1
9 106 1
10 36 1
1 46 1
2 51 0
3 52 1
4 53 0
5 32 1
6 26 0
7 36 1
8 36 1
9 106 1
10 36 1
1 46 1
2 51 0
3 52 1
4 53 0
5 32 1
6 26 0
7 36 1
8 36 1
9 106 1
10 36 1
1 46 1
2 51 0
3 52 1
4 53 0
5 32 1
6 26 0
7 36 1
8 36 1
9 106 1
10 36 1
1 46 1
2 51 0
3 52 1
4 53 0
5 32 1
6 26 0
7 36 1
8 36 1
9 106 1
10 36 1
1 46 1
2 51 0
3 52 1
4 53 0
5 32 1
6 26 0
7 36 1
8 36 1
9 106 1
10 36 1
1 46 1
2 51 0
3 52 1
4 53 0
5 32 1
6 26 0
7 36 1
8 36 1
9 106 1
10 36 1
1 46 1
2 51 0
3 52 1
4 53 0
5 32 1
6 26 0
7 36 1
8 36 1
9 106 1
10 36 1
1 46 1
2 51 0
3 52 1
4 53 0
5 32 1
6 26 0
7 36 1
8 36 1
9 106 1
10 36 1
1 46 1
2 51 0
3 52 1
4 53 0
5 32 1
6 26 0
7 36 1
8 36 1
9 106 1
10 36 1
1 46 1
2 51 0
3 52 1
4 53 0
5 32 1
6 26 0
7 36 1
8 36 1
9 106 1
10 36 1
1 46 1
2 51 0
3 52 1
4 53 0
5 32 1
6 26 0
7 36 1
8 36 1
9 106 1
10 36 1
1 46 1
2 51 0
3 52 1
4 53 0
5 32 1
6 26 0
7 36 1
8 36 1
9 106 1
10 36 1
1 46 1
2 51 0
3 52 1
4 53 0
5 32 1
6 26 0
7 36 1
8 36 1
9 106 1
10 36 1
1 46 1
2 51 0
3 52 1
4 53 0
5 32 1
6 26 0
7 36 1
8 36 1
9 106 1
10 36 1
1 46 1
2 51 0
3 52 1
4 53 0
5 32 1
6 26 0
7 36 1
8 36 1
9 106 1
10 36 1